4 14 12 10 6 10 2 6 10 6 12 12 12 14 14 12 8 6 12 14 10 6 10 4 10 6 9 6 9 3 5 11 3 3 3 6 12 10 1 5 12 12 11 6 9 5 9 5 10 3 3 4 13 10 3 6 9 3 3 3 5 10 7 12 12 12 10 1 5 10 4 10 6 9 3 5 12 10 5 9 1 6 9 5 9 2 3 1 6 12 10 5 12 12 9 6 9 5 10 3 6 10 5 14 12 12 9 6 12 10 3 5 10 3 2 5 10 6 12 12 9 6 10 5 11 3 5 10 3 4 14 12 9 4 13 11 2 5 13 9 6 9 3 6 12 12 9 5 14 9 3 6 9 5 12 11 6 10 6 10 5 11 6 12 12 9 2 7 9 6 10 6 10 5 8 3 5 12 10 4 9 3 5 9 5 10 1 5 10 6 12 11 3 6 9 3 3 5 12 10 5 10 2 5 12 10 5 12 12 10 5 12 12 9 3 2 5 9 3 2 5 9 6 12 9 6 9 7 12 12 9 6 12 10 5 10 6 12 10 3 5 14 10 5 11 4 10 3 4 10 5 10 5 10 6 10 3 2 5 10 3 5 10 3 5 10 1 5 10 5 12 11 5 10 3 6 9 2 3 3 5 9 7 12 9 3 2 3 7 8 3 6 12 13 12 8 5 10 3 3 3 6 9 5 9 6 12 9 6 12 9 3 3 5 12 9 3 6 12 12 12 12 9 3 3 3 5 10 6 12 9 4 14 9 6 12 13 9 4 14 14 9 5 10 2 4 12 12 9 3 3 6 9 5 12 12 10 5 10 5 10 4 12 14 11 1 6 12 9 5 14 10 4 12 11 3 3 6 14 8 6 9 6 9 2 5 12 12 9 3 6 9 2 6 14 9 5 12 12 11 3 3 3 3 6 9 6 9 6 11 6 10 6 12 9 3 4 15 9 5 10 6 12 8 3 3 5 9 3 3 6 9 4 11 5 9 3 5 10 2 5 10 5 12 8 3 7 12 12 9 7 10 6 11 3 5 14 10 3 4 10 3 6 13 9 6 9 6 12 12 9 5 12 10 2 3 3 3 1 5 10 1 3 3 6 9 5 9 6 10 5 12 9 6 10 2 6 10 5 11 3 3 7 10 6 9 6 9 7 9 6 12 12 9 7 10 6 10 3 5 9 3 5 10 3 3 3 3 5 13 12 9 4 11 6 9 6 12 12 9 3 3 5 11 6 12 9 2 5 9 3 3 5 12 10 6 12 10 1 7 8 3 6 12 12 9 3 4 9 3 6 10 7 12 10 3 5 10 4 9 3 2 3 6 9 6 9 5 12 12 12 9 6 12 9 1 5 13 8 3 5 8 5 12 12 13 9 5 13 8 5 12 12 12 12 12 12 13 12 12 12 12 12 12 9

16 8 4 2 1
0  0 0 1 1

2: South exit only
3: N + S
4: East exit only
5: E + N 4 + 1
6: S + E


25 x 25 maze

___________________________________________________
|_   _  |   | |   |  _____     ___|  _    |   |_  |
|  _|  _| |_  | | | |  _  |_|_____  |  _|___|_  | |
| |___  | |  _| | | |_  |  _____  |_|_  |_  |  _| |
|___  |___|_|  _|___| | |_|  _  |_______|  _|_  | |
|   |_   _____|  _  | |_  | | |_  |  _____|   |_  |
| |_  | |_   ___|___  | |_____|  _| |  _____|_   _|
| |  _|___  |   |   |_  |  _____| |  _|   |   |___|
| |___  |___| |___|_  |_|_  |  _  | |  _| | |___  |
|_  | |___  |_____  |_______| | |___| | |___|  ___|
|  _|  _____|  _  |_  |  _  | |_    |_  |_  | |_  |
|_  |_  |   | | |_  | |_  | |_  |_|_  |___  |_  | |
|  _| | | |___|  ___| | | |  _| |  _______|_  | | |
| |  _|___|  ___|  ___| | |_____| |  _________| | |
| |_  |  ___|_   _|  _____|_     _|_  | |_______| |
| |  _|_____  |_  |_  |___    |_|  ___|_    |___  |
| | |    _|  _|  _| |_______| |  _| |    _|_____  |
| | | | |  _|  _|   |   |  ___| |_   _|_  |  ___| |
| |___| | |  _|_  |___| |_  | |_  |_____| |  _____|
|   |   | |_    | |_  | |  ___|  _|  _____|___  | |
| | | |_|_  |_| | |  _|___|   |_____|   | |   |_  |
| | |   |  _|  _|  _|  _____|   |   | |___| |_  | |
| | | |_______|_  |  _|  _____| | |_  |  ___| |___|
| | |___  |  _  |_|  _| |  _____| |___| |   |  _  |
| |_  |___| | | |  _|  _|_________|  ___|_|_____| |
|___|_________|_____|_____________________________|

    N  = 0x01 # North
    S  = 0x02 # South
    E  = 0x04 # East
    W  = 0x08 # West